SENSE SWITCH SETTINGS AND NUMBER OF EVENTS TO DUMP (6I1,I4)
0100000000               THESE SWITCHES PRODUCE MINIMUM DESIRED OUTPUT
BIAS FOR TIMING STUDY 7MEVEE),BIN WIDTHS FOR TIMING(NSEC),POSITION(IN.)
.2        .1         .2
TWO VALUES OF ONE-PHOTOELECTRON LEVEL(MEVEE) FOR RESOLUTION SIMULATION (
.002  .02
TOTAL CROSS-SECTION DATA. FIRST READ NUMBER OF CARDS TO FOLLOW (I3)
 72
ENERGY(MEV) AND CROSS-SECTION(BARNS) IN EACH OF 7 CHANNELS (8F5.3)
 0.   20.  4.90 0.   0.   0.   0.   0.
 .250 8.65 4.05 0.00 0.00 0.00 0.00 0.00
 0.50 6.19 3.40 0.00 0.00 0.00 0.00 0.00
 0.80 4.80 2.96 0.00 0.00 0.00 0.00 0.00
 1.00 4.25 2.58 0.00 0.00 0.00 0.00 0.00
 1.21 3.85 2.34 0.00 0.00 0.00 0.00 0.00
 1.48 3.40 2.08 0.00 0.00 0.00 0.00 0.00
 1.72 3.16 1.89 0.00 0.00 0.00 0.00 0.00
 2.00 2.90 1.65 0.00 0.00 0.00 0.00 0.00
 2.10 2.84 2.20 0.00 0.00 0.00 0.00 0.00
 2.21 2.75 1.61 0.00 0.00 0.00 0.00 0.00
 2.56 2.50 1.60 0.00 0.00 0.00 0.00 0.00
 2.69 2.42 1.68 0.00 0.00 0.00 0.00 0.00
 2.83 2.35 2.00 0.00 0.00 0.00 0.00 0.00
 2.97 2.28 2.85 0.00 0.00 0.00 0.00 0.00
 3.00 2.27 1.15 0.00 0.00 0.00 0.00 0.00
 3.13 2.20 1.15 0.00 0.00 0.00 0.00 0.00
 3.29 2.14 2.5  0.00 0.00 0.00 0.00 0.00
 3.46 2.07 2.7  0.00 0.00 0.00 0.00 0.00
 3.82 1.93 2.2  0.00 0.00 0.00 0.00 0.00
 4.02 1.89 1.87 0.00 0.00 0.00 0.00 0.00
 4.23 1.82 2.2  0.00 0.00 0.00 0.00 0.00
 4.44 1.75 1.75 0.00 0.00 0.00 0.00 0.00
 4.67 1.71 1.36 0.00 0.00 0.00 0.00 0.00
 4.91 1.65 1.20 0.00 0.00 0.00 0.00 0.00
 5.16 1.59 1.11 .055 0.00 0.00 0.00 0.00
 5.43 1.53 1.18 .080 0.00 0.00 0.00 0.00
 5.70 1.48 .997 .1   0.00 0.00 0.00 0.00
 6.00 1.43 .917 .17  0.00 0.00 0.00 0.00
 6.30 1.37 1.26 .345 0.00 0.00 0.00 0.00
 6.63 1.32 .680 .32  .012 0.00 0.00 0.00
 6.97 1.25 .680 .18  .015 0.00 0.00 0.00
 7.33 1.23 .680 .25  .035 0.00 0.00 .816
 7.40 1.22 .680 .28  .04  0.00 0.00 .800
 7.50 1.20 .650 .29  .045 0.00 0.00 .750
 7.70 1.16 .840 .31  .06  0.00 0.00 .867
 8.00 1.12 .698 .34  .07  .005 0.00 .685
 8.10 1.11 .557 .36  .08  .008 0.00 .610
 8.20 1.10 .508 .38  .09  .011 0.00 .451
 8.30 1.08 .410 .44  .1   .014 0.00 .385
 8.40 1.07 .380 .48  .11  .017 0.00 .375
 8.51 1.06 .350 .38  .12  .02  0.00 .365
 9.00 1.01 .300 .34  .13  .03  0.00 .346
 10.0 .940 .210 .345 .135 .06  0.00 .387
 11.0 .860 .190 .322 .120 .110 .000 .460
 12.0 .800 .170 .310 .100 .150 .000 .536
 14.0 .690 .150 .250 .08  .220 0.00 .640
 16.0 .607 .140 .180 .075 .339 .015 .671
 18.0 .543 .120 .136 .064 .320 .030 .738
 20.0 .485 .110 .124 .056 .280 .050 .770
 22.0 .437 .095 .112 .052 .250 .070 .802
 24.0 .406 .084 .104 .048 .210 .100 .816
 26.0 .370 .075 .098 .045 .200 .120 .805
 28.0 .346 .067 .088 .042 .180 .140 .773
 30.0 .318 .060 .085 .038 .155 .150 .755
 35.0 .259 .055 .072 .032 .124 .170 .685
 40.0 .220 .050 .062 .028 .096 .190 .625
 45.0 .194 .040 .052 .024 .075 .205 .585
 50.0 .177 .030 .046 .020 .057 .210 .538
 55.0 .159 .025 .040 .018 .046 .210 .492
 60.0 .141 .022 .034 .017 .036 .210 .452
 65.0 .125 .021 .030 .016 .030 .210 .417
 70.0 .113 .019 .027 .014 .023 .210 .384
 80.0 .096 .017 .020 .010 .015 .211 .350
 100. .071 .016 .016 .008 .012 .210 .290
 126. .057 .016 .015 .005 .009 .208 .240
 159. .048 .015 .012 .005 .009 .208 .210
 200. .042 .015 .010 .005 .009 .208 .160
 251. .037 .015 .010 .005 .009 .208 .130
 316. .034 .015 .010 .005 .009 .208 .100
 398. .034 .015 .010 .005 .009 .208 .080
1000. .032 .015 .010 .005 .009 .208 .040
COEFFICIENT ARRAY FOR NC NONDIFFRACTIVE ELASTIC SCATTERING.READ NO. CARD
 20
READ ENERGY(MEV) AND 5 COEFFICIENTS (10F8.3). THREE MORE ARE CALCULATED.
0.00    390.    390.    0.00    390.    0.00
1.00    210.    210.    0.00    210.    0.00
1.50    140.    210.    0.20    180.    -.40
1.66    130.    220.    .300    190.    -.30
2.20    105.    205.    .250    180.    -.30
2.65    70.0    240.    .250    240.    -.25
2.84    50.0    300.    .150    340.    -.15
2.95    50.0    580.    .200    620.    -.20
3.05    80.0    140.    .300    210.    -.30
3.25    30.0    350.    .300    370.    -.20
3.76    70.0    520.    .400    500.    -.35
4.10    50.0    450.    .550    320.    -.30
4.70    120.    600.    .500    120.    0.00
5.00    60.0    350.    .600    60.0    0.00
5.60    50.0    200.    .400    170.    .200
6.30    80.0    400.    .700    80.0    0.00
7.00    30.0    100.    .400    30.0    0.00
7.60    30.0    60.0    .400    100.    0.00
9.00    30.0    60.0    .400    30.0    0.00
999.    30.0    60.0    .400    30.0    0.00
USER DEFINED PORTION OF DATA DECK FOLLOWS
SEED FOR RANDOM NUMBER GENERATOR
787934342
DENSITY (GM/CM**3) AND RATIO OF H TO C ATOMS (10F8.3)
0.874     1.213
LIGHT OUTPUT COE. FOR PROTONS
-3.1060     -.20200     .65500000    .711         0.0       0.0
LIGHT OUTPUT COE. FOR ALPHAS
-5.90000    -.065       1.01          .41        0.0          0.0
SCINTILLATOR BOUNDARIES(INCHES),IGEO,IRANP (3F6.2,2I2)
  5.91  5.91  5.91 1 0   0=RECT, 1=CYLINDER FACE, 2=CYL SIDE
FOR EACH SET OF HISTORIES DESIRED,READ INITIAL POSITION VECTOR,INITIAL D
COSINES,INITIAL ENERGY LIMITS,NO. OF HISTORIES TO RUN,BIN WIDTH FOR PULS
ONE SET OF EFFICIENCIES IS CALCULATED FOR EACH OF THE FOLLOWING CARDS
0.0  0.0  0.0  0.0    0.0    1.000   000.5   0.000    90000 0.10
0.0  0.0  0.0  0.0    0.0    1.000   001.0   0.000    90000 0.10
0.0  0.0  0.0  0.0    0.0    1.000   001.5   0.000    90000 0.10
0.0  0.0  0.0  0.0    0.0    1.000   002.0   0.000    90000 0.10
0.0  0.0  0.0  0.0    0.0    1.000   002.5   0.000    90000 0.10
0.0  0.0  0.0  0.0    0.0    1.000   003.0   0.000    90000 0.10
0.0  0.0  0.0  0.0    0.0    1.000   003.5   0.000    90000 0.10
0.0  0.0  0.0  0.0    0.0    1.000   004.0   0.000    90000 0.10
0.0  0.0  0.0  0.0    0.0    1.000   004.5   0.000    90000 0.10
0.0  0.0  0.0  0.0    0.0    1.000   005.0   0.000    90000 0.10
0.0  0.0  0.0  0.0    0.0    1.000   005.5   0.000    90000 0.10
0.0  0.0  0.0  0.0    0.0    1.000   006.0   0.000    90000 0.10
0.0  0.0  0.0  0.0    0.0    1.000   006.5   0.000    90000 0.10
0.0  0.0  0.0  0.0    0.0    1.000   007.0   0.000    90000 0.10
0.0  0.0  0.0  0.0    0.0    1.000   007.5   0.000    90000 0.10
0.0  0.0  0.0  0.0    0.0    1.000   008.0   0.000    90000 0.10
0.0  0.0  0.0  0.0    0.0    1.000   008.5   0.000    90000 0.10
0.0  0.0  0.0  0.0    0.0    1.000   009.0   0.000    90000 0.10
0.0  0.0  0.0  0.0    0.0    1.000   009.5   0.000    90000 0.10
0.0  0.0  0.0  0.0    0.0    1.000   010.0   0.000    90000 0.10
0.0  0.0  0.0  0.0    0.0    1.000   010.5   0.000    90000 0.10
0.0  0.0  0.0  0.0    0.0    1.000   011.0   0.000    90000 0.10
0.0  0.0  0.0  0.0    0.0    1.000   011.5   0.000    90000 0.10
0.0  0.0  0.0  0.0    0.0    1.000   012.0   0.000    90000 0.10
0.0  0.0  0.0  0.0    0.0    1.000   012.5   0.000    90000 0.10
0.0  0.0  0.0  0.0    0.0    1.000   013.0   0.000    90000 0.10
0.0  0.0  0.0  0.0    0.0    1.000   013.5   0.000    90000 0.10
0.0  0.0  0.0  0.0    0.0    1.000   014.0   0.000    90000 0.10
0.0  0.0  0.0  0.0    0.0    1.000   014.5   0.000    90000 0.10
0.0  0.0  0.0  0.0    0.0    1.000   015.0   0.000    90000 0.10
0.0  0.0  0.0  0.0    0.0    1.000   015.5   0.000    90000 0.10
0.0  0.0  0.0  0.0    0.0    1.000   016.0   0.000    90000 0.10
0.0  0.0  0.0  0.0    0.0    1.000   016.5   0.000    90000 0.10
0.0  0.0  0.0  0.0    0.0    1.000   017.0   0.000    90000 0.10
0.0  0.0  0.0  0.0    0.0    1.000   017.5   0.000    90000 0.10
0.0  0.0  0.0  0.0    0.0    1.000   018.0   0.000    90000 0.10
0.0  0.0  0.0  0.0    0.0    1.000   018.5   0.000    90000 0.10
0.0  0.0  0.0  0.0    0.0    1.000   019.0   0.000    90000 0.10
0.0  0.0  0.0  0.0    0.0    1.000   019.5   0.000    90000 0.10
0.0  0.0  0.0  0.0    0.0    1.000   020.0   0.000    90000 0.10
0.0  0.0  0.0  0.0    0.0    1.000   020.5   0.000    90000 0.10
0.0  0.0  0.0  0.0    0.0    1.000   021.0   0.000    90000 0.10
0.0  0.0  0.0  0.0    0.0    1.000   021.5   0.000    90000 0.10
0.0  0.0  0.0  0.0    0.0    1.000   022.0   0.000    90000 0.10
0.0  0.0  0.0  0.0    0.0    1.000   022.5   0.000    90000 0.10
0.0  0.0  0.0  0.0    0.0    1.000   023.0   0.000    90000 0.10
0.0  0.0  0.0  0.0    0.0    1.000   023.5   0.000    90000 0.10
0.0  0.0  0.0  0.0    0.0    1.000   024.0   0.000    90000 0.10
0.0  0.0  0.0  0.0    0.0    1.000   024.5   0.000    90000 0.10
0.0  0.0  0.0  0.0    0.0    1.000   025.0   0.000    90000 0.10
